major minor  #blocks  name

   8        0 3907018584 sda
   8        1    2490240 sda1
   8        2    2097152 sda2
   8        3 3902197584 sda3
   8       16 3907018584 sdb
   8       17    2490240 sdb1
   8       18    2097152 sdb2
   8       19 3902197584 sdb3
   8       32 3907018584 sdc
   8       33    2490240 sdc1
   8       34    2097152 sdc2
   8       35 3902197584 sdc3
   8       48 3907018584 sdd
   8       49    2490240 sdd1
   8       50    2097152 sdd2
   8       51 3902197584 sdd3
   8       64 3907018584 sde
   8       65    2490240 sde1
   8       66    2097152 sde2
   8       67 3902197584 sde3
   8       80 3907018584 sdf
   8       81    2490240 sdf1
   8       82    2097152 sdf2
   8       83 3902197584 sdf3
   9        0    2490176 md0
   9        1    2097088 md1
 252        0    2427904 zram0
 252        1    2427904 zram1
 252        2    2427904 zram2
 252        3    2427904 zram3
   9        2 15608786176 md2
 135      240     122880 synoboot
 135      241      16384 synoboot1
 135      242     102400 synoboot2
