major minor  #blocks  name

   1        0     655360 ram0
   1        1     655360 ram1
   1        2     655360 ram2
   1        3     655360 ram3
   1        4     655360 ram4
   1        5     655360 ram5
   1        6     655360 ram6
   1        7     655360 ram7
   1        8     655360 ram8
   1        9     655360 ram9
   1       10     655360 ram10
   1       11     655360 ram11
   1       12     655360 ram12
   1       13     655360 ram13
   1       14     655360 ram14
   1       15     655360 ram15
  69      320 3907018584 sdmc
  69      321    2490240 sdmc1
  69      322    2097152 sdmc2
  69      323 3902197584 sdmc3
  70      448 3907018584 sdna
  70      449    2490240 sdna1
  70      450    2097152 sdna2
  70      451 3902197584 sdna3
  70      464 3907018584 sdnb
  70      465    2490240 sdnb1
  70      466    2097152 sdnb2
  70      467 3902197584 sdnb3
  70      480 3907018584 sdnc
  70      481    2490240 sdnc1
  70      482    2097152 sdnc2
  70      483 3902197584 sdnc3
 128      352 3907018584 sdoa
 128      353    2490240 sdoa1
 128      354    2097152 sdoa2
 128      355 3902197584 sdoa3
 128      368 3907018584 sdob
 128      369    2490240 sdob1
 128      370    2097152 sdob2
 128      371 3902197584 sdob3
 128      384 3907018584 sdoc
 128      385    2490240 sdoc1
 128      386    2097152 sdoc2
 128      387 3902197584 sdoc3
  69      288 3907018584 sdma
  69      289    2490240 sdma1
  69      290    2097152 sdma2
  69      291 3902197584 sdma3
 130      272 3907018584 sdpb
 130      273    2490240 sdpb1
 130      274    2097152 sdpb2
 130      275 3902197584 sdpb3
 130      288 3907018584 sdpc
 130      289    2490240 sdpc1
 130      290    2097152 sdpc2
 130      291 3902197584 sdpc3
 131      416 3907018584 sdqa
 131      417    8388608 sdqa1
 131      418    2097152 sdqa2
 131      419 3896295248 sdqa3
 131      432 3907018584 sdqb
 131      433    8388608 sdqb1
 131      434    2097152 sdqb2
 131      435 3896295248 sdqb3
 131      448 3907018584 sdqc
 131      449    8388608 sdqc1
 131      450    2097152 sdqc2
 131      451 3896295248 sdqc3
 133      320 3907018584 sdra
 133      321    8388608 sdra1
 133      322    2097152 sdra2
 133      323 3896295248 sdra3
 133      336 3907018584 sdrb
 133      337    8388608 sdrb1
 133      338    2097152 sdrb2
 133      339 3896295248 sdrb3
 133      352 3907018584 sdrc
 133      353    8388608 sdrc1
 133      354    2097152 sdrc2
 133      355 3896295248 sdrc3
 134      480 3907018584 sdsa
 134      481    8388608 sdsa1
 134      482    2097152 sdsa2
 134      483 3896295248 sdsa3
 134      496 3907018584 sdsb
 134      497    8388608 sdsb1
 134      498    2097152 sdsb2
 134      499 3896295248 sdsb3
 135      256 3907018584 sdsc
 135      257    8388608 sdsc1
 135      258    2097152 sdsc2
 135      259 3896295248 sdsc3
   8      640 3907018584 sdta
   8      641    8388608 sdta1
   8      642    2097152 sdta2
   8      643 3896295248 sdta3
   8      656 3907018584 sdtb
   8      657    8388608 sdtb1
   8      658    2097152 sdtb2
   8      659 3896295248 sdtb3
   8      672 3907018584 sdtc
   8      673    8388608 sdtc1
   8      674    2097152 sdtc2
   8      675 3896295248 sdtc3
 130      256 3907018584 sdpa
 130      257    2490240 sdpa1
 130      258    2097152 sdpa2
 130      259 3902197584 sdpa3
   8        0 3907018584 sda
   8        1    2490240 sda1
   8        2    2097152 sda2
   8        3 3902197584 sda3
   8       16 3907018584 sdb
   8       17    2490240 sdb1
   8       18    2097152 sdb2
   8       19 3902197584 sdb3
   8       32 3907018584 sdc
   8       33    2490240 sdc1
   8       34    2097152 sdc2
   8       35 3902197584 sdc3
   8       48 3907018584 sdd
   8       49    2490240 sdd1
   8       50    2097152 sdd2
   8       51 3902197584 sdd3
   8       64 3907018584 sde
   8       65    2490240 sde1
   8       66    2097152 sde2
   8       67 3902197584 sde3
   8       80 3907018584 sdf
   8       81    2490240 sdf1
   8       82    2097152 sdf2
   8       83 3902197584 sdf3
   8       96 3907018584 sdg
   8       97    2490240 sdg1
   8       98    2097152 sdg2
   8       99 3902197584 sdg3
   8      112 3907018584 sdh
   8      113    2490240 sdh1
   8      114    2097152 sdh2
   8      115 3902197584 sdh3
   8      128 3907018584 sdi
   8      129    2490240 sdi1
   8      130    2097152 sdi2
   8      131 3902197584 sdi3
   8      144 3907018584 sdj
   8      145    2490240 sdj1
   8      146    2097152 sdj2
   8      147 3902197584 sdj3
   8      160 3907018584 sdk
   8      161    2490240 sdk1
   8      162    2097152 sdk2
   8      163 3902197584 sdk3
   8      176 3907018584 sdl
   8      177    2490240 sdl1
   8      178    2097152 sdl2
   8      179 3902197584 sdl3
   9        0    2490176 md0
   7        0      32768 loop0
   7        1   20971520 loop1
 248        0    2422784 zram0
 248        1    2422784 zram1
 248        2    2422784 zram2
 248        3    2422784 zram3
   9        1    2097088 md1
 135      240     122880 synoboot
 135      241      16384 synoboot1
 135      242     102400 synoboot2
   9        3 42859236288 md3
   9        2 89750520512 md2
 249        0      12288 dm-0
 249        1 42858446848 dm-1
 249        2 42858446848 dm-2
 249        3 89750520512 dm-3
  69      304 3907018584 sdmb
  69      305    2490240 sdmb1
  69      306    2097152 sdmb2
  69      307 3902197584 sdmb3
